# EXL   EF   UW   TA   PO   JU   NA   ON   CH   NO   BO   BA   LA   BI
    0  263  577  393  421  220  699  600  599  227  689  905  916  987
  263    0  389  344  476   57  490  837  588  413  731  885  997 1054
  577  389    0  278  449  444  689  991  958  584  584  623  861 1437
  393  344  278    0  181  374  801  714  918  322  394  544  670 1358
  421  476  449  181    0  490  958  562 1006  251  269  490  522 1409
  220   57  444  374  490    0  499  809  546  395  751  918 1012 1004
  699  490  689  801  958  499    0 1300  498  895 1194 1300 1470  960
  600  837  991  714  562  809 1300    0 1114  432  654  913  686 1345
  599  588  958  918 1006  546  498 1114    0  824 1275 1462 1515  491
  227  413  584  322  251  395  895  432  824    0  496  737  698 1186
  689  731  584  394  269  751 1194  654 1275  496    0  263  280 1675
  905  885  623  544  490  918 1300  913 1462  737  263    0  362 1891
  916  997  861  670  522 1012 1470  686 1515  698  280  362    0 1881
  987 1054 1437 1358 1409 1004  960 1345  491 1186 1675 1891 1881    0
