#CS001  EF   UW   TA   PO   JU   NA   ON   CH   NO
    0  266  581  396  419  226  700  594  602  227
  266    0  390  344  476   53  490  833  590  413
  581  390    0  277  455  440  690  990  959  584
  396  344  277    0  186  372  800  714  920  322
  419  476  455  186    0  487  957  556 1005  251
  226   53  440  372  487    0  498  807  552  395
  700  490  690  800  957  498    0 1292  495  894
  594  833  990  714  556  807 1292    0 1110  432
  602  590  959  920 1005  552  495 1110    0  824
  227  413  584  322  251  395  894  432  824    0